3990.00
4990.00
5490.00
39990.00
10990.00
3790.00
5990.00
12990.00
9990.00
6490.00
7990.00
8490.00
8990.00
5490.00
4490.00
8490.00
9990.00
6490.00
3590.00
3790.00
2290.00
4790.00
4990.00
3490.00
8990.00
20990.00
11997.00
7990.00
27990.00
21990.00
19990.00
9990.00
9197.00
6490.00
18897.00
12990.00
29990.00
36990.00
8990.00
10797.00
8990.00
4190.00
7797.00
29490.00
17997.00
7990.00
8997.00
29990.00
14990.00
10297.00
7197.00
13990.00
10990.00
7990.00
11990.00
18990.00
14990.00
17990.00
13990.00
47990.00
9990.00
9997.00
12990.00
46990.00
8497.00
7997.00
6697.00
36997.00
16990.00
54997.00
12990.00
8990.00
21990.00
4490.00
2190.00
7997.00
19990.00
3290.00
11990.00
6990.00
15597.00
7997.00
24990.00
14990.00
6497.00
26990.00
5990.00
12990.00
14897.00
7990.00
14990.00
10990.00
29990.00
12990.00
16790.00
20990.00
17990.00
6490.00
2390.00
26997.00
29990.00
25490.00
16790.00
7790.00
19989.00
4197.00
9990.00
7990.00
19497.00
13990.00
9990.00
54990.00
29990.00
22990.00
39990.00
4490.00
25490.00
16990.00
18997.00
6490.00
64990.00
22997.00
99990.00
14197.00
14997.00
5197.00
9999.00
16997.00
8690.00
8997.00
67990.00
7990.00
18990.00
15990.00
59990.00
2590.00
7997.00
2690.00
3490.00
10297.00
9997.00
2490.00
14597.00
8197.00
5897.00
8597.00
7990.00
10990.00
49990.00
9990.00
4790.00
8990.00
5490.00
3490.00
10797.00
99990.00
22990.00
49990.00
37990.00
28490.00
17997.00
